0,86.659996
1,90.85
2,92.81
3,93.01
4,94.83
5,95.020004
6,95.420006
7,95.86
8,96.170006
9,95.87
10,96.170006
11,96.55
12,96.36
13,96.73
14,96.87
15,97.06
16,97.27
17,97.53999
18,97.39
19,97.27
20,97.439995
21,96.88
22,97.33
23,97.82
24,97.689995
25,97.52
26,97.89
27,97.77
28,97.74
29,97.77
30,97.29
31,97.82
32,97.729996
33,97.829994
34,97.71999
35,97.89
36,97.71999
37,97.61
38,98.07
39,97.89
40,98.049995
41,98.07
42,97.96
43,98.159996
44,97.869995
45,98.21
46,98.04
47,98.0
48,98.009995
49,98.04
50,97.979996
51,98.189995
52,97.89
53,98.0
54,98.29
55,98.04
56,97.96
57,98.03
58,98.09
59,98.17
60,98.22
61,98.189995
62,98.119995
63,98.31
64,98.2
65,98.189995
66,98.24
67,98.04
68,98.03
69,98.15
70,98.21
71,98.119995
72,98.28
73,97.99
74,98.13
75,98.28
76,98.17
77,98.2
78,98.189995
79,98.15
80,98.35
81,98.31
82,98.079994
83,98.25
84,98.22
85,98.2
86,98.43
87,98.34
88,98.259995
89,98.29
90,98.29
91,98.5
92,98.36
93,98.47
94,98.52
95,98.38
96,98.509995
97,98.46
98,98.46
99,98.259995
100,98.47
101,98.52
102,98.409996
103,98.32
104,98.479996
105,98.47
106,98.42
107,98.54
108,98.5
109,98.5
110,98.36
111,98.439995
112,98.299995
113,98.56
114,98.53
115,98.57
116,98.369995
117,98.49
118,98.52
119,98.549995
120,98.549995
121,98.439995
122,98.549995
123,98.45
124,98.49
125,98.42
126,98.52
127,98.45
128,98.5
129,98.57
130,98.509995
131,98.6
132,98.65
133,98.61
134,98.57
135,98.57
136,98.619995
137,98.56
138,98.58
139,98.58
140,98.619995
141,98.6
142,98.61
143,98.6
144,98.57
145,98.6
146,98.59
147,98.59
148,98.6
149,98.59
